Frame,Nose,EyeLeft,EyeRight,EarLeft,EarRight,ShoulderLeft,ShoulderRight,ElbowLeft,ElbowRight,WristLeft,WristRight,HipLeft,HipRight,KneeLeft,KneeRight,AnkleLeft,AnkleRight,ToesLeft,ToesRight,Spine,Spine1,Spine2,Spine3,LeftIndexFinger,ThumbLeft,PinkyLeft,RightIndexFinger,ThumbRight,PinkyRight,BigToeLeft,SmallToeLeft,BigToeRight,SmallToeRight,PlayerPosition,Nose_x,Nose_y,Nose_z,EyeLeft_x,EyeLeft_y,EyeLeft_z,EyeRight_x,EyeRight_y,EyeRight_z,EarLeft_x,EarLeft_y,EarLeft_z,EarRight_x,EarRight_y,EarRight_z,ShoulderLeft_x,ShoulderLeft_y,ShoulderLeft_z,ShoulderRight_x,ShoulderRight_y,ShoulderRight_z,ElbowLeft_x,ElbowLeft_y,ElbowLeft_z,ElbowRight_x,ElbowRight_y,ElbowRight_z,WristLeft_x,WristLeft_y,WristLeft_z,WristRight_x,WristRight_y,WristRight_z,HipLeft_x,HipLeft_y,HipLeft_z,HipRight_x,HipRight_y,HipRight_z,KneeLeft_x,KneeLeft_y,KneeLeft_z,KneeRight_x,KneeRight_y,KneeRight_z,AnkleLeft_x,AnkleLeft_y,AnkleLeft_z,AnkleRight_x,AnkleRight_y,AnkleRight_z,ToesLeft_x,ToesLeft_y,ToesLeft_z,ToesRight_x,ToesRight_y,ToesRight_z,Spine_x,Spine_y,Spine_z,Spine1_x,Spine1_y,Spine1_z,Spine2_x,Spine2_y,Spine2_z,Spine3_x,Spine3_y,Spine3_z,LeftIndexFinger_x,LeftIndexFinger_y,LeftIndexFinger_z,ThumbLeft_x,ThumbLeft_y,ThumbLeft_z,PinkyLeft_x,PinkyLeft_y,PinkyLeft_z,RightIndexFinger_x,RightIndexFinger_y,RightIndexFinger_z,ThumbRight_x,ThumbRight_y,ThumbRight_z,PinkyRight_x,PinkyRight_y,PinkyRight_z,BigToeLeft_x,BigToeLeft_y,BigToeLeft_z,SmallToeLeft_x,SmallToeLeft_y,SmallToeLeft_z,BigToeRight_x,BigToeRight_y,BigToeRight_z,SmallToeRight_x,SmallToeRight_y,SmallToeRight_z
0,-0.0532789;1.601789;0.05037754,-0.08342915;1.630699;0.009895671,-0.02354317;1.633772;0.01195225,-0.124028;1.604969;-0.08231007,0.02568682;1.612651;-0.07716854,-0.2134302;1.411776;-0.1552002,0.1466916;1.424235;-0.1373564,-0.2772326;1.095409;-0.05299862,0.2600699;1.157554;0.02359394,-0.1444065;1.098004;0.1578858,0.07774658;1.14271;0.1928868,-0.08334374;0.861827;-0.03145778,0.08597328;0.8712262;-0.04154166,-0.1519908;0.4432338;0.150158,0.2069559;0.4870247;0.1835562,-0.1660217;0.1159154;-0.0579639,0.1620273;0.2082556;-0.08274861,-0.1677559;-0.02058369;0.1108703,0.2494596;0.02220756;-0.01961276,-0.006735116;0.984116;-0.0620544,-0.01370826;1.083672;-0.09416342,-0.02055497;1.197189;-0.1219268,-0.02831262;1.321211;-0.1264564,-0.07518259;1.172566;0.274781,-0.1492061;1.163985;0.2497654,-0.148109;1.088683;0.2590181,-0.01167294;1.209387;0.3004733,0.06281804;1.217375;0.2766779,0.0806317;1.145787;0.2944297,-0.130253;-0.007848382;0.07998876,-0.2107695;-0.0103333;0.06007866,0.2024359;0.03905499;-0.01439351,0.2545627;0.05994314;-0.07515515,0.001314767;0;-0.03649977,-0.054593667,1.601789,0.08687731,-0.08474391699999999,1.630699,0.046395441,-0.024857937,1.633772,0.04845202,-0.125342767,1.604969,-0.0458103,0.024372052999999998,1.612651,-0.04066876999999999,-0.21474496699999998,1.411776,-0.11870043000000001,0.145376833,1.424235,-0.10085662999999999,-0.278547367,1.095409,-0.016498850000000002,0.258755133,1.157554,0.06009371,-0.145721267,1.098004,0.19438557,0.076431813,1.14271,0.22938657,-0.084658507,0.861827,0.005041990000000003,0.084658513,0.8712262,-0.00504189,-0.153305567,0.4432338,0.18665777,0.205641133,0.4870247,0.22005597,-0.167336467,0.1159154,-0.021464129999999998,0.16071253300000002,0.2082556,-0.04624884,-0.169070667,-0.02058369,0.14737007000000002,0.248144833,0.02220756,0.01688701,-0.008049883,0.984116,-0.025554630000000002,-0.015023027,1.083672,-0.05766365,-0.021869737,1.197189,-0.08542703,-0.029627387,1.321211,-0.08995663,-0.07649735699999999,1.172566,0.31128077,-0.150520867,1.163985,0.28626517,-0.14942376699999999,1.088683,0.29551786999999996,-0.012987707,1.209387,0.33697307,0.061503273000000004,1.217375,0.31317766999999996,0.079316933,1.145787,0.33092947,-0.131567767,-0.007848382,0.11648853,-0.212084267,-0.0103333,0.09657842999999999,0.201121133,0.03905499,0.022106260000000003,0.253247933,0.05994314,-0.03865538
1,-0.04946133;1.612623;0.01948151,-0.07902248;1.641575;-0.02140292,-0.01912463;1.644052;-0.01893102,-0.1192171;1.61566;-0.1137343,0.03052757;1.621853;-0.1075544,-0.2112142;1.423966;-0.1882924,0.1485985;1.429312;-0.1638076,-0.2777822;1.10602;-0.09142503,0.2569749;1.161725;-0.001298591,-0.1508756;1.109069;0.1230679,0.06845738;1.147964;0.1611638,-0.08866945;0.8709399;-0.05841556,0.08059523;0.8804702;-0.06922876,-0.154411;0.4551977;0.1306704,0.2015271;0.4844198;0.1343303,-0.1694217;0.1160019;-0.05739819,0.1434161;0.2283579;-0.1515097,-0.1700677;-0.02047116;0.1116437,0.2198738;0.03494114;-0.1023681,-0.01228923;0.9932832;-0.08936385,-0.01900914;1.092809;-0.1216203,-0.02447736;1.206278;-0.1498822,-0.02944897;1.330409;-0.1552609,-0.08500312;1.184855;0.2411068,-0.1582784;1.176043;0.2140516,-0.1575131;1.100845;0.2241455,-0.02652602;1.215485;0.2633187,0.04909227;1.223382;0.2433577,0.0660491;1.151994;0.2626857,-0.1327258;-0.007605076;0.0806216,-0.2133127;-0.01031995;0.06102912,0.1735115;0.05344188;-0.09683955,0.2277649;0.0761739;-0.1550231,-0.004037108;0;-0.06382222,-0.045424222,1.612623,0.08330372999999999,-0.07498537200000001,1.641575,0.0424193,-0.015087521999999999,1.644052,0.0448912,-0.11517999200000001,1.61566,-0.04991208,0.034564678,1.621853,-0.043732179999999996,-0.20717709199999998,1.423966,-0.12447018,0.152635608,1.429312,-0.09998538,-0.27374509199999997,1.10602,-0.027602810000000005,0.261012008,1.161725,0.062523629,-0.146838492,1.109069,0.18689012,0.072494488,1.147964,0.22498602,-0.084632342,0.8709399,0.005406660000000001,0.084632338,0.8804702,-0.005406540000000001,-0.15037389199999998,0.4551977,0.19449262,0.205564208,0.4844198,0.19815252,-0.165384592,0.1160019,0.006424029999999997,0.147453208,0.2283579,-0.08768748,-0.16603059199999998,-0.02047116,0.17546592,0.22391090800000002,0.03494114,-0.038545880000000005,-0.008252122,0.9932832,-0.025541629999999996,-0.014972032,1.092809,-0.05779808,-0.020440252,1.206278,-0.08605998,-0.025411862,1.330409,-0.09143868000000001,-0.080966012,1.184855,0.30492902,-0.154241292,1.176043,0.27787382,-0.15347599199999998,1.100845,0.28796772,-0.022488912,1.215485,0.32714092,0.053129378,1.223382,0.30717992,0.070086208,1.151994,0.32650792,-0.128688692,-0.007605076,0.14444382,-0.20927559199999998,-0.01031995,0.12485134,0.17754860800000002,0.05344188,-0.03301733,0.231802008,0.0761739,-0.09120088
2,-0.03538669;1.627417;-0.02118424,-0.06454264;1.656337;-0.06238094,-0.004636616;1.658334;-0.05968298,-0.1045821;1.630136;-0.1546988,0.04518297;1.635129;-0.1479541,-0.1984444;1.442336;-0.233268,0.1596912;1.436676;-0.1964484,-0.2757822;1.122739;-0.148707,0.2575492;1.166699;-0.03095149,-0.1570801;1.117437;0.07038985,0.06079734;1.15009;0.1211509,-0.09474169;0.8849359;-0.09273759,0.07459772;0.8910604;-0.1047769,-0.1429588;0.4696237;0.102475,0.1913584;0.4769922;0.0620496,-0.1748678;0.1144423;-0.05074687,0.1284952;0.2327794;-0.2330054,-0.1710768;-0.02518457;0.1148246,0.1793367;0.04416519;-0.184935,-0.01608529;1.005914;-0.1233488,-0.02050396;1.105665;-0.1553061,-0.0222295;1.219062;-0.1843247,-0.02229318;1.343192;-0.1916612,-0.0943899;1.189856;0.1922146,-0.1668094;1.182472;0.1625536,-0.1671776;1.107066;0.1709823,-0.0415389;1.21579;0.2172099,0.03526234;1.224282;0.2027738,0.05117655;1.152706;0.2222911,-0.1343726;-0.01123881;0.08350933,-0.215166;-0.01495558;0.06495936,0.1337651;0.06525761;-0.1841241,0.1929407;0.08068907;-0.2398521,-0.01007199;0;-0.09875731,-0.0253147,1.627417,0.07757307,-0.054470649999999995,1.656337,0.03637637,0.005435374,1.658334,0.039074330000000004,-0.09451011,1.630136,-0.055941489999999996,0.055254960000000006,1.635129,-0.049196790000000004,-0.18837241,1.442336,-0.13451069,0.16976319,1.436676,-0.09769109,-0.26571021,1.122739,-0.049949690000000005,0.26762118999999995,1.166699,0.06780582,-0.14700811,1.117437,0.16914716000000002,0.07086933,1.15009,0.21990821,-0.0846697,0.8849359,0.006019720000000006,0.08466971000000001,0.8910604,-0.006019590000000005,-0.13288681,0.4696237,0.20123231,0.20143039000000001,0.4769922,0.16080691,-0.16479581,0.1144423,0.04801044,0.13856719,0.2327794,-0.13424809,-0.16100481,-0.02518457,0.21358190999999999,0.18940869,0.04416519,-0.08617768999999999,-0.006013299999999999,1.005914,-0.024591489999999994,-0.010431970000000002,1.105665,-0.05654879,-0.01215751,1.219062,-0.08556739000000001,-0.01222119,1.343192,-0.09290389,-0.08431791,1.189856,0.29097191,-0.15673741,1.182472,0.26131091,-0.15710561,1.107066,0.26973961,-0.03146691,1.21579,0.31596721,0.045334330000000006,1.224282,0.30153111,0.061248540000000004,1.152706,0.32104841,-0.12430061,-0.01123881,0.18226664,-0.20509401,-0.01495558,0.16371667,0.14383709,0.06525761,-0.08536679000000001,0.20301269,0.08068907,-0.14109479000000003
3,-0.02518898;1.6417;-0.04784386,-0.05419072;1.670347;-0.08933918,0.005714032;1.672228;-0.08653061,-0.09409687;1.643478;-0.1815229,0.05566495;1.64818;-0.1745016,-0.1879788;1.458856;-0.2628319,0.1684991;1.447123;-0.2168708,-0.2769444;1.139437;-0.1900011,0.2576753;1.173709;-0.05105941,-0.1674276;1.121214;0.03314851,0.05570996;1.152147;0.09339598,-0.09797793;0.8979526;-0.1209106,0.07152529;0.90118;-0.1317052,-0.1373193;0.4849916;0.0811602,0.1769599;0.4758735;0.01291354,-0.1810896;0.1201471;-0.04382612,0.1265499;0.2202173;-0.2747457,-0.1733558;-0.02273643;0.1155681,0.1538268;0.04185617;-0.2235422,-0.01690508;1.018024;-0.1486529,-0.01918741;1.118284;-0.1792122,-0.01832448;1.231811;-0.2077557,-0.01560083;1.355868;-0.2157862,-0.1068278;1.187325;0.1595323,-0.1784186;1.18304;0.1273563,-0.181046;1.107413;0.1329103,-0.0525046;1.215696;0.1843231,0.02506787;1.224363;0.1750327,0.0396515;1.152292;0.1937497,-0.1372753;-0.008001268;0.08389156,-0.2182482;-0.01271999;0.06638102,0.1097465;0.06559426;-0.2275108,0.1723744;0.07110357;-0.2812964,-0.01322631;0;-0.126308,-0.01196267,1.6417,0.07846414,-0.04096441,1.670347,0.03696882,0.018940342,1.672228,0.03977739000000001,-0.08087056,1.643478,-0.05521489999999998,0.06889126,1.64818,-0.0481936,-0.17475249,1.458856,-0.1365239,0.18172541,1.447123,-0.0905628,-0.26371808999999996,1.139437,-0.0636931,0.27090161,1.173709,0.07524859,-0.15420129000000002,1.121214,0.15945651,0.06893627000000001,1.152147,0.21970398000000002,-0.08475162,0.8979526,0.0053974000000000105,0.08475160000000001,0.90118,-0.005397199999999991,-0.12409299,0.4849916,0.2074682,0.19018621,0.4758735,0.13922154,-0.16786329,0.1201471,0.08248188000000001,0.13977620999999998,0.2202173,-0.14843769999999998,-0.16012949,-0.02273643,0.2418761,0.16705311,0.04185617,-0.09723419999999999,-0.0036787699999999996,1.018024,-0.0223449,-0.005961099999999999,1.118284,-0.052904199999999985,-0.005098170000000001,1.231811,-0.08144769999999998,-0.0023745199999999998,1.355868,-0.08947820000000001,-0.09360149,1.187325,0.2858403,-0.16519229000000002,1.18304,0.2536643,-0.16781969000000002,1.107413,0.2592183,-0.03927829,1.215696,0.3106311,0.03829418,1.224363,0.3013407,0.05287781,1.152292,0.3200577,-0.12404898999999998,-0.008001268,0.21019956,-0.20502189,-0.01271999,0.19268902,0.12297281,0.06559426,-0.10120280000000001,0.18560071,0.07110357,-0.1549884
4,-0.01170684;1.654646;-0.07441926,-0.04052651;1.683018;-0.1162293,0.01937982;1.684698;-0.1133305,-0.08037168;1.65545;-0.2082327,0.06939428;1.659652;-0.2009859,-0.1738087;1.475118;-0.2938734,0.1801367;1.459056;-0.2366495,-0.2779665;1.157539;-0.236344,0.2605104;1.1793;-0.07484008,-0.1778619;1.127175;-0.01011655,0.05353102;1.154164;0.06172468,-0.1016392;0.9089828;-0.1617763,0.06819539;0.9085535;-0.1655586,-0.1489418;0.49936;0.04531944,0.1542257;0.4759229;-0.03011017,-0.1996451;0.1266178;-0.050291,0.1302938;0.1889958;-0.2903968,-0.1784608;-0.02937627;0.09738351,0.1402839;0.02233088;-0.2328908,-0.01680903;1.028103;-0.1811085,-0.01570024;1.129373;-0.2082065,-0.01145882;1.24339;-0.234397,-0.005808489;1.367396;-0.2416483,-0.1196084;1.185713;0.121016,-0.1901533;1.185161;0.08634578,-0.1953113;1.109488;0.08842804,-0.05866849;1.215874;0.1490154,0.01942515;1.223569;0.1444195,0.03185127;1.150565;0.1609507,-0.1441811;-0.009092629;0.06679253,-0.2250035;-0.01776469;0.05011861,0.09795383;0.04696321;-0.2440142,0.1659245;0.04439807;-0.2911195,-0.0167219;0;-0.1636675,0.005015060000000002,1.654646,0.08924823999999999,-0.02380461,1.683018,0.0474382,0.036101720000000004,1.684698,0.05033699999999999,-0.06364978,1.65545,-0.0445652,0.08611618,1.659652,-0.0373184,-0.1570868,1.475118,-0.1302059,0.19685860000000002,1.459056,-0.07298200000000002,-0.2612446,1.157539,-0.0726765,0.2772323,1.1793,0.08882741999999999,-0.16113999999999998,1.127175,0.15355095,0.07025292,1.154164,0.22539218,-0.0849173,0.9089828,0.0018911999999999818,0.08491728999999999,0.9085535,-0.0018911000000000067,-0.1322199,0.49936,0.20898694,0.1709476,0.4759229,0.13355733,-0.18292319999999998,0.1266178,0.11337649999999999,0.1470157,0.1889958,-0.12672930000000002,-0.1617389,-0.02937627,0.26105100999999997,0.1570058,0.02233088,-0.06922330000000002,-8.712999999999776e-05,1.028103,-0.017441000000000012,0.0010216600000000006,1.129373,-0.044538999999999995,0.005263080000000002,1.24339,-0.0707295,0.010913411000000001,1.367396,-0.07798080000000002,-0.1028865,1.185713,0.2846835,-0.17343139999999999,1.185161,0.25001328,-0.17858939999999998,1.109488,0.25209554,-0.04194658999999999,1.215874,0.3126829,0.03614705,1.223569,0.308087,0.04857317,1.150565,0.32461819999999997,-0.1274592,-0.009092629,0.23046002999999998,-0.20828159999999998,-0.01776469,0.21378611,0.11467573,0.04696321,-0.0803467,0.18264640000000001,0.04439807,-0.12745199999999998
5,-0.004680302;1.661512;-0.1002507,-0.03337848;1.689565;-0.1423585,0.02653233;1.691058;-0.1394482,-0.07328278;1.661215;-0.2340983,0.07649423;1.664947;-0.2268226,-0.1663521;1.483394;-0.3228936,0.1860864;1.467314;-0.2573317,-0.2770796;1.166997;-0.27278,0.262475;1.182852;-0.1003564,-0.181595;1.132873;-0.04509605,0.05288516;1.158488;0.03231126,-0.1045681;0.9141939;-0.2052675,0.06523612;0.9114565;-0.201106,-0.1664167;0.5025801;-0.006104305,0.1340224;0.4783115;-0.05768144,-0.2170485;0.1274347;-0.09184419,0.1215761;0.1696604;-0.2926888,-0.1931566;-0.02437109;0.06334639,0.1361926;0.006733358;-0.2185408,-0.01740701;1.032665;-0.2165431,-0.0138779;1.134671;-0.2404872,-0.007406024;1.249189;-0.2638901,-0.0002679341;1.373223;-0.2690488,-0.1248273;1.187921;0.08818185,-0.1947997;1.188929;0.0523805,-0.2008459;1.113295;0.05275297,-0.05921046;1.220428;0.1195723,0.01907211;1.22667;0.1161359,0.02984877;1.153078;0.1311486,-0.1588351;-0.002129376;0.03419733,-0.2380998;-0.01594704;0.01390776,0.09367514;0.02811998;-0.2345781,0.1651987;0.02616996;-0.2761241,-0.01966596;0;-0.2031868,0.014985657999999999,1.661512,0.1029361,-0.013712520000000002,1.689565,0.0608283,0.04619829,1.691058,0.0637386,-0.05361682000000001,1.661215,-0.03091150000000001,0.09616018999999999,1.664947,-0.023635800000000012,-0.14668614,1.483394,-0.1197068,0.20575236000000002,1.467314,-0.054144899999999996,-0.25741364,1.166997,-0.06959320000000002,0.28214096,1.182852,0.1028304,-0.16192904,1.132873,0.15809075,0.07255112,1.158488,0.23549806,-0.08490214,0.9141939,-0.002080699999999991,0.08490207999999999,0.9114565,0.0020807999999999938,-0.14675074,0.5025801,0.197082495,0.15368836000000002,0.4783115,0.14550536,-0.19738254,0.1274347,0.11134261,0.14124206,0.1696604,-0.08950200000000003,-0.17349064,-0.02437109,0.26653319,0.15585856,0.006733358,-0.015354000000000007,0.002258949999999999,1.032665,-0.013356299999999988,0.005788059999999999,1.134671,-0.03730040000000001,0.012259935999999999,1.249189,-0.060703300000000016,0.0193980259,1.373223,-0.06586199999999998,-0.10516134,1.187921,0.29136865,-0.17513373999999998,1.188929,0.2555673,-0.18117993999999998,1.113295,0.25593977,-0.039544499999999996,1.220428,0.3227591,0.03873807,1.22667,0.3193227,0.04951473,1.153078,0.3343354,-0.13916914,-0.002129376,0.23738413,-0.21843384,-0.01594704,0.21709456,0.1133411,0.02811998,-0.03139130000000001,0.18486466000000001,0.02616996,-0.07293729999999998
6,0.001255009;1.660943;-0.126297,-0.02744426;1.688488;-0.1687376,0.0324718;1.689925;-0.1659096,-0.06749023;1.659006;-0.2600576,0.08230001;1.662597;-0.2529876,-0.1601316;1.482273;-0.3502245,0.1916231;1.467675;-0.2788537,-0.2727295;1.166293;-0.302504,0.2654839;1.179976;-0.1255238,-0.1801709;1.133384;-0.07343704,0.05532467;1.159968;0.006971613,-0.1058404;0.9128695;-0.2449043,0.0636467;0.9069785;-0.2350199,-0.1881427;0.4970731;-0.06254013,0.1219035;0.4765307;-0.07933603,-0.2302047;0.1220891;-0.1534618,0.1125722;0.1599394;-0.3036837,-0.2355584;-0.01707608;0.01548488,0.1330907;0.002606213;-0.203167,-0.01631218;1.029974;-0.2504622,-0.01052008;1.132394;-0.2720866,-0.002315853;1.24724;-0.2932259,0.005479705;1.371301;-0.2964115,-0.123922;1.188521;0.06002413,-0.1935735;1.190112;0.02362286,-0.2004661;1.114552;0.02434756,-0.05465828;1.22418;0.09527324,0.02373364;1.228485;0.09138782,0.03275821;1.154562;0.1059174,-0.1965475;0.0008699894;-0.01056181,-0.2733798;-0.01034909;-0.03982614,0.09069185;0.01972097;-0.2239453,0.1651928;0.01940548;-0.2599314,-0.02109683;0;-0.2399621,0.022351839000000002,1.660943,0.11366510000000002,-0.006347430000000001,1.688488,0.07122450000000002,0.053568630000000006,1.689925,0.07405250000000002,-0.0463934,1.659006,-0.02009549999999999,0.10339684,1.662597,-0.013025499999999968,-0.13903477,1.482273,-0.11026239999999998,0.21271993,1.467675,-0.03889159999999997,-0.25163267,1.166293,-0.06254189999999998,0.28658073,1.179976,0.11443830000000002,-0.15907406999999998,1.133384,0.16652506,0.0764215,1.159968,0.246933713,-0.08474357,0.9128695,-0.00494219999999998,0.08474353,0.9069785,0.004942200000000008,-0.16704586999999999,0.4970731,0.17742197,0.14300033,0.4765307,0.16062607,-0.20910787,0.1220891,0.0865003,0.13366903,0.1599394,-0.06372159999999999,-0.21446157,-0.01707608,0.25544698,0.15418753000000002,0.002606213,0.036795100000000025,0.004784650000000001,1.029974,-0.010500100000000012,0.010576750000000001,1.132394,-0.0321245,0.018780977,1.24724,-0.05326379999999997,0.026576535,1.371301,-0.05644939999999998,-0.10282517000000001,1.188521,0.29998623,-0.17247667,1.190112,0.26358496000000003,-0.17936927,1.114552,0.26430966,-0.03356144999999999,1.22418,0.33523534,0.04483047,1.228485,0.33134992,0.05385504000000001,1.154562,0.3458795,-0.17545067,0.0008699894,0.22940029,-0.25228297,-0.01034909,0.20013596,0.11178868,0.01972097,0.016016799999999998,0.18628963,0.01940548,-0.019969299999999968
7,0.010265;1.655117;-0.1624382,-0.01836014;1.682203;-0.2052237,0.0415624;1.683461;-0.2024469,-0.05856431;1.65166;-0.296125,0.09124187;1.654807;-0.2891829,-0.1517129;1.474098;-0.3845618,0.2005509;1.458166;-0.3134163,-0.2653081;1.158992;-0.3348683,0.2679096;1.168985;-0.1594991,-0.1742552;1.128049;-0.1049254,0.05769574;1.155967;-0.02622163,-0.1075963;0.9087114;-0.2834173,0.06126091;0.8968707;-0.2690879,-0.1984931;0.4896957;-0.1128868,0.1077316;0.4674231;-0.1068169,-0.2405144;0.1207323;-0.2257988,0.09909398;0.1515021;-0.3321353,-0.2853278;-0.01328772;-0.05843085,0.1296428;0.001632452;-0.2005236,-0.01392593;1.022633;-0.2861325,-0.004687963;1.124903;-0.3072642,0.005778074;1.239631;-0.328041,0.01415003;1.363657;-0.3311436,-0.1168253;1.184601;0.02743638,-0.1864277;1.18697;-0.009016275,-0.1949483;1.111606;-0.006794125,-0.04958256;1.22455;0.06212032,0.02886555;1.226487;0.05753022,0.03583691;1.152526;0.0729706,-0.2412891;-0.0006101727;-0.0789787,-0.3142521;-0.003249764;-0.1184112,0.08655526;0.01590729;-0.2220182,0.1609489;0.01666963;-0.2582193,-0.02316765;0;-0.2762526,0.03343265,1.655117,0.11381440000000001,0.004807510000000001,1.682203,0.0710289,0.06473005,1.683461,0.0738057,-0.035396659999999996,1.65166,-0.019872400000000012,0.11440952,1.654807,-0.012930300000000006,-0.12854525,1.474098,-0.1083092,0.22371855000000002,1.458166,-0.037163699999999966,-0.24214044999999998,1.158992,-0.05861569999999999,0.29107725,1.168985,0.11675350000000001,-0.15108755,1.128049,0.1713272,0.08086339000000001,1.155967,0.25003097,-0.08442865000000001,0.9087114,-0.007164699999999968,0.08442856,0.8968707,0.007164700000000024,-0.17532545,0.4896957,0.1633658,0.13089925,0.4674231,0.16943570000000002,-0.21734674999999998,0.1207323,0.05045380000000002,0.12226163,0.1515021,-0.05588270000000001,-0.26216015000000004,-0.01328772,0.21782175,0.15281045000000001,0.001632452,0.07572900000000002,0.009241720000000002,1.022633,-0.009879899999999997,0.018479687,1.124903,-0.031011599999999973,0.028945724000000003,1.239631,-0.05178840000000001,0.03731768,1.363657,-0.05489099999999997,-0.09365765000000001,1.184601,0.30368898,-0.16326005,1.18697,0.267236325,-0.17178064999999998,1.111606,0.26945847500000003,-0.026414909999999996,1.22455,0.33837292,0.0520332,1.226487,0.33378282000000004,0.05900456,1.152526,0.3492232,-0.21812145,-0.0006101727,0.1972739,-0.29108445,-0.003249764,0.15784140000000002,0.10972290999999999,0.01590729,0.054234400000000016,0.18411655000000002,0.01666963,0.01803330000000003
8,0.01865274;1.643522;-0.2229587,-0.009856205;1.670619;-0.2658143,0.05007544;1.671537;-0.2631012,-0.0503304;1.639983;-0.356564,0.09949864;1.642277;-0.3497813,-0.1437314;1.46064;-0.4426929,0.2093055;1.439002;-0.3757283,-0.2554662;1.146931;-0.3804026,0.2671157;1.152449;-0.2143681,-0.16123;1.122058;-0.1510063,0.0585441;1.149548;-0.07794344,-0.1078513;0.9018205;-0.3267321,0.0604239;0.8847102;-0.3109531,-0.21449;0.4845367;-0.1611438,0.09698486;0.4563253;-0.1434229,-0.2547253;0.1390393;-0.3333694,0.0791198;0.1345631;-0.3597535,-0.3264199;-0.006491482;-0.1861528,0.1265825;-0.0001506805;-0.2013791,-0.01021796;1.012169;-0.333835,0.002021274;1.113253;-0.3588028,0.01429463;1.227175;-0.3827794,0.02277516;1.351113;-0.38823,-0.1009407;1.180952;-0.02095795,-0.1710591;1.183467;-0.05639789,-0.1806325;1.108314;-0.0521985,-0.04513389;1.222229;0.01141465,0.03317411;1.222776;0.004595757,0.03944147;1.149159;0.0218749,-0.2799078;0.002722859;-0.2027077,-0.3498826;0.01400775;-0.2458547,0.08200479;0.01104778;-0.2216213,0.1546749;0.01314646;-0.2611201,-0.02371367;0;-0.3188426,0.04236641,1.643522,0.09588389999999997,0.013857465,1.670619,0.05302829999999997,0.07378910999999999,1.671537,0.055741399999999997,-0.026616729999999998,1.639983,-0.037721400000000016,0.12321230999999999,1.642277,-0.03093870000000004,-0.12001773000000002,1.46064,-0.12385030000000002,0.23301917,1.439002,-0.05688570000000004,-0.23175252999999998,1.146931,-0.061560000000000004,0.29082937000000003,1.152449,0.10447449999999997,-0.13751633000000002,1.122058,0.16783629999999997,0.08225777000000001,1.149548,0.24089915999999997,-0.08413762999999999,0.9018205,-0.00788950000000005,0.08413757,0.8847102,0.007889499999999994,-0.19077633,0.4845367,0.15769879999999997,0.12069853,0.4563253,0.17541969999999998,-0.23101163,0.1390393,-0.014526800000000006,0.10283347000000001,0.1345631,-0.04091090000000003,-0.30270622999999997,-0.006491482,0.13268979999999997,0.15029616999999998,-0.0001506805,0.11746349999999997,0.01349571,1.012169,-0.014992400000000017,0.025734944,1.113253,-0.0399602,0.038008299999999995,1.227175,-0.06393680000000002,0.046488829999999995,1.351113,-0.06938740000000004,-0.07722703,1.180952,0.29788465,-0.14734543,1.183467,0.26244470999999997,-0.15691883,1.108314,0.2666441,-0.021420220000000004,1.222229,0.33025725,0.05688778,1.222776,0.32343835699999995,0.06315514,1.149159,0.34071749999999995,-0.25619412999999996,0.002722859,0.11613489999999999,-0.32616892999999997,0.01400775,0.07298789999999997,0.10571845999999999,0.01104778,0.09722129999999998,0.17838857,0.01314646,0.057722499999999954
9,0.02110357;1.628571;-0.2775203,-0.007331856;1.656165;-0.3201068,0.05260745;1.65676;-0.3174763,-0.04809175;1.626486;-0.4110465,0.1017567;1.627974;-0.4044703,-0.1424473;1.445403;-0.4955876,0.2116415;1.42167;-0.4372161,-0.249664;1.13344;-0.4181121,0.267476;1.140256;-0.2677673,-0.1501641;1.113042;-0.190504,0.0638551;1.145439;-0.1241224,-0.1052991;0.8918049;-0.3643038,0.06307674;0.8734534;-0.3512237,-0.2242468;0.4774005;-0.1998729,0.09451697;0.44808;-0.1751962,-0.2635982;0.1679322;-0.4308053,0.07098611;0.1171955;-0.3767177,-0.3407068;0.01158637;-0.3041221,0.1228824;-0.007047236;-0.2042042,-0.006598329;1.000391;-0.3793665,0.005954076;1.100156;-0.4090391,0.01797364;1.213377;-0.4362487,0.02564093;1.337306;-0.4429441,-0.0868699;1.172884;-0.06232968,-0.1578238;1.175054;-0.09608954,-0.1671628;1.099915;-0.09117073,-0.03496005;1.219393;-0.03040519,0.04281407;1.220244;-0.04178065,0.05058483;1.147045;-0.02337477,-0.29397;0.01944757;-0.3207414,-0.3637576;0.03910482;-0.3610994,0.0780357;0.00395298;-0.2239549,0.149938;0.003925085;-0.2648884,-0.02111114;0;-0.3577638,0.04221471,1.628571,0.08024350000000002,0.013779284,1.656165,0.037656999999999996,0.07371859,1.65676,0.04028750000000003,-0.026980610000000002,1.626486,-0.05328269999999996,0.12286784,1.627974,-0.046706499999999984,-0.12133616,1.445403,-0.1378238,0.23275264,1.42167,-0.07945229999999998,-0.22855286,1.13344,-0.060348299999999966,0.28858713999999996,1.140256,0.08999650000000003,-0.12905296,1.113042,0.16725980000000001,0.08496624,1.145439,0.23364140000000003,-0.08418796,0.8918049,-0.00653999999999999,0.08418788,0.8734534,0.006540099999999993,-0.20313566,0.4774005,0.15789090000000003,0.11562811,0.44808,0.18256760000000002,-0.24248706,0.1679322,-0.07304149999999998,0.09209725,0.1171955,-0.018953899999999968,-0.31959565999999995,0.01158637,0.053641700000000014,0.14399354,-0.007047236,0.15355960000000002,0.014512811,1.000391,-0.021602699999999975,0.027065216,1.100156,-0.05127529999999997,0.03908478,1.213377,-0.07848489999999997,0.04675207,1.337306,-0.08518029999999999,-0.06575876,1.172884,0.29543412,-0.13671265999999999,1.175054,0.26167426000000005,-0.14605166,1.099915,0.26659307,-0.013848909999999999,1.219393,0.32735861,0.06392521000000001,1.220244,0.31598315,0.07169597,1.147045,0.33438903000000003,-0.27285886000000004,0.01944757,0.03702240000000001,-0.34264646,0.03910482,-0.003335599999999994,0.09914684,0.00395298,0.1338089,0.17104914,0.003925085,0.0928754
10,0.025031;1.614597;-0.3116794,-0.003793269;1.642846;-0.3535691,0.05616447;1.6435;-0.3514149,-0.04524424;1.614613;-0.4446567,0.1046501;1.616248;-0.439271,-0.1421601;1.433332;-0.5270152,0.2139987;1.410415;-0.4832563,-0.2466923;1.123531;-0.4402688,0.275542;1.131299;-0.3127972,-0.1427522;1.104121;-0.2145666,0.07920876;1.141273;-0.1595783,-0.1022837;0.8829976;-0.3980986,0.06612507;0.8625532;-0.3892214,-0.2260348;0.4685521;-0.2373575,0.1024715;0.4430099;-0.2005973,-0.2645697;0.1958988;-0.5108976,0.07022168;0.10513;-0.3888686,-0.3427918;0.02802742;-0.4048792,0.1200402;-0.01406038;-0.2093856,-0.002578286;0.9898551;-0.4180973,0.01001742;1.089083;-0.4495003,0.02120648;1.202299;-0.4770815,0.02793437;1.326354;-0.4823032,-0.07578393;1.163441;-0.08802709,-0.1476969;1.165698;-0.1196868,-0.1568272;1.090529;-0.1148394,-0.01303142;1.215628;-0.0596799,0.06374004;1.216658;-0.07653278,0.07308663;1.143635;-0.05815992,-0.2960277;0.03681338;-0.4209497,-0.3657106;0.06166416;-0.4585292,0.07549893;-0.002013683;-0.2292168,0.1471888;-0.005314529;-0.2703891,-0.01807925;0;-0.3936601,0.04311025,1.614597,0.08198070000000002,0.014285981000000001,1.642846,0.04009099999999999,0.07424372,1.6435,0.04224520000000004,-0.027164989999999997,1.614613,-0.0509966,0.12272935,1.616248,-0.04561090000000001,-0.12408085,1.433332,-0.1333551,0.23207794999999998,1.410415,-0.08959620000000001,-0.22861305,1.123531,-0.0466087,0.29362125,1.131299,0.08086290000000002,-0.12467294999999999,1.104121,0.17909350000000002,0.09728801000000001,1.141273,0.2340818,-0.08420445,0.8829976,-0.004438500000000012,0.08420432,0.8625532,0.004438700000000018,-0.20795555000000002,0.4685521,0.1563026,0.12055075,0.4430099,0.1930628,-0.24649045000000003,0.1958988,-0.11723749999999994,0.08830093,0.10513,0.004791500000000004,-0.32471255,0.02802742,-0.011219099999999982,0.13811945,-0.01406038,0.1842745,0.015500964000000002,0.9898551,-0.024437199999999992,0.028096670000000004,1.089083,-0.055840200000000006,0.039285730000000005,1.202299,-0.08342139999999998,0.046013620000000005,1.326354,-0.08864309999999997,-0.057704679999999994,1.163441,0.30563301,-0.12961765,1.165698,0.27397330000000003,-0.13874795,1.090529,0.27882070000000003,0.005047830000000001,1.215628,0.3339802,0.08181929,1.216658,0.31712732,0.09116588,1.143635,0.33550018000000004,-0.27794845,0.03681338,-0.02728959999999997,-0.34763135,0.06166416,-0.06486910000000001,0.09357818000000001,-0.002013683,0.16444330000000001,0.16526805,-0.005314529,0.12327100000000002
11,0.02630447;1.605486;-0.3550431,-0.003288249;1.634246;-0.3960406,0.05667954;1.63551;-0.3945345,-0.0454565;1.607375;-0.487211,0.1044629;1.610535;-0.483446,-0.1437089;1.425024;-0.5641831,0.2142958;1.407409;-0.5371289,-0.2438724;1.116175;-0.4704379,0.2874645;1.127264;-0.3722984,-0.1293602;1.099623;-0.2496785,0.09907405;1.139005;-0.2095304,-0.09775699;0.8778461;-0.4379874,0.07063214;0.8563931;-0.4314179,-0.2248838;0.4570545;-0.297666,0.1095815;0.443455;-0.2292255,-0.2495916;0.2228154;-0.6061631,0.06921449;0.09632069;-0.3980962,-0.3225809;0.03904748;-0.5261034,0.1187058;-0.01833802;-0.2144246,0.002316422;0.9838504;-0.460527,0.0145716;1.082779;-0.4929929,0.02444412;1.195893;-0.5214811,0.02953826;1.32;-0.5272647,-0.05665418;1.161103;-0.1274086,-0.1300603;1.162445;-0.1554913,-0.1383823;1.087289;-0.1492055,0.01396259;1.214075;-0.103998,0.08945742;1.2147;-0.1258854,0.09967256;1.141688;-0.1079371,-0.2760513;0.05158752;-0.5402479,-0.3463209;0.07920021;-0.5746749,0.07425677;-0.005757391;-0.2341307,0.1454556;-0.01164567;-0.2758625,-0.01356239;0;-0.4347027,0.039866860000000004,1.605486,0.0796596,0.010274141,1.634246,0.03866209999999998,0.07024193000000001,1.63551,0.04016819999999999,-0.031894109999999996,1.607375,-0.05250830000000001,0.11802529,1.610535,-0.04874329999999999,-0.13014651,1.425024,-0.12948040000000005,0.22785819000000002,1.407409,-0.10242620000000002,-0.23031000999999998,1.116175,-0.03573520000000002,0.30102689,1.127264,0.062404300000000024,-0.11579781,1.099623,0.1850242,0.11263644,1.139005,0.2251723,-0.08419460000000001,0.8778461,-0.0032847000000000293,0.08419452999999999,0.8563931,0.0032847999999999766,-0.21132141,0.4570545,0.1370367,0.12314389,0.443455,0.2054772,-0.23602921,0.2228154,-0.17146039999999996,0.08277688,0.09632069,0.036606499999999986,-0.30901851,0.03904748,-0.0914007,0.13226819,-0.01833802,0.2202781,0.015878812,0.9838504,-0.025824300000000022,0.02813399,1.082779,-0.058290200000000014,0.03800651,1.195893,-0.08677840000000003,0.043100650000000004,1.32,-0.09256200000000003,-0.04309179,1.161103,0.3072941,-0.11649790999999998,1.162445,0.2792114,-0.12481991,1.087289,0.2854972,0.02752498,1.214075,0.3307047,0.10301980999999999,1.2147,0.30881729999999996,0.11323495,1.141688,0.3267656,-0.26248891,0.05158752,-0.1055452,-0.33275851,0.07920021,-0.1399722,0.08781916000000001,-0.005757391,0.200572,0.15901799,-0.01164567,0.1588402
12,0.02239446;1.604218;-0.3996757,-0.00780816;1.633235;-0.4400416,0.05215681;1.63502;-0.4390335,-0.05052615;1.607163;-0.531188,0.09938627;1.611625;-0.5286677,-0.1483112;1.42198;-0.601827,0.2104997;1.411947;-0.5873888,-0.2413238;1.113332;-0.4999635,0.2951227;1.131;-0.4282632,-0.11177;1.101337;-0.2873753,0.1130231;1.142388;-0.2584624,-0.09302014;0.8779147;-0.473353,0.07552478;0.8575895;-0.4672059,-0.2173156;0.447694;-0.3620968,0.1094804;0.4499309;-0.2537155,-0.2290866;0.2427335;-0.6914927,0.0690849;0.09038621;-0.3942319,-0.2796893;0.04653484;-0.6331903,0.1180941;-0.02067912;-0.2079124,0.006293794;0.9843553;-0.4971601,0.01755464;1.08303;-0.5307394,0.0257929;1.195816;-0.560992,0.02867375;1.319855;-0.5692481,-0.03267821;1.16688;-0.1713382,-0.1076582;1.166577;-0.1949352,-0.1145333;1.091512;-0.1862606,0.03335894;1.218495;-0.1494766,0.107755;1.218553;-0.1748566,0.1183676;1.145569;-0.1570224,-0.2350728;0.06523615;-0.6466798,-0.3086242;0.08823901;-0.6774458,0.07373501;-0.007579207;-0.2274822,0.1443682;-0.01598912;-0.2697399,-0.008747641;0;-0.4702795,0.031142101000000002,1.604218,0.0706038,0.0009394810000000007,1.633235,0.03023790000000004,0.060904451,1.63502,0.031245999999999996,-0.041778509,1.607163,-0.06090849999999998,0.108133911,1.611625,-0.058388199999999946,-0.139563559,1.42198,-0.13154749999999998,0.219247341,1.411947,-0.11710930000000003,-0.232576159,1.113332,-0.029683999999999988,0.303870341,1.131,0.042016300000000006,-0.103022359,1.101337,0.18290420000000002,0.121770741,1.142388,0.21181710000000004,-0.084272499,0.8779147,-0.0030735000000000068,0.084272421,0.8575895,0.0030736000000000097,-0.208567959,0.447694,0.10818270000000002,0.118228041,0.4499309,0.21656400000000003,-0.220338959,0.2427335,-0.22121319999999994,0.077832541,0.09038621,0.07604759999999999,-0.270941659,0.04653484,-0.16291079999999997,0.126841741,-0.02067912,0.2623671,0.015041435,0.9843553,-0.026880599999999977,0.026302281,1.08303,-0.060459899999999955,0.034540541,1.195816,-0.09071250000000003,0.037421391,1.319855,-0.09896860000000002,-0.023930569,1.16688,0.2989413,-0.098910559,1.166577,0.2753443,-0.105785659,1.091512,0.2840189,0.042106581,1.218495,0.3208029,0.116502641,1.218553,0.29542290000000004,0.127115241,1.145569,0.3132571,-0.226325159,0.06523615,-0.1764003,-0.299876559,0.08823901,-0.20716629999999997,0.082482651,-0.007579207,0.24279730000000002,0.153115841,-0.01598912,0.20053960000000004
13,0.01860162;1.608232;-0.4359184,-0.01198746;1.637332;-0.4759325,0.04797095;1.639456;-0.4752398,-0.05505501;1.611596;-0.5670097,0.09484106;1.616905;-0.5652779,-0.1527065;1.424031;-0.6321408,0.2064087;1.420806;-0.629622,-0.2388946;1.114709;-0.5265512,0.3021889;1.139789;-0.4765542,-0.09841763;1.101266;-0.3211072,0.1254779;1.145755;-0.3008844,-0.08954389;0.882176;-0.5080808,0.07910968;0.8621952;-0.5042042,-0.2017745;0.4416057;-0.429219,0.1103006;0.4616006;-0.277339,-0.2120477;0.2431973;-0.762652,0.07186431;0.08690345;-0.3710073,-0.2193273;0.0419333;-0.7176396,0.1180424;-0.02423829;-0.1849672,0.009225139;0.9889418;-0.5326852,0.01955994;1.087765;-0.5661234,0.02624388;1.200614;-0.5965275,0.02718199;1.324649;-0.605277,-0.01340314;1.167644;-0.2098309,-0.08962673;1.16652;-0.2290039,-0.09515528;1.091381;-0.2200131,0.04933145;1.220666;-0.1886055,0.1227715;1.22133;-0.2166243,0.1344262;1.148293;-0.1996805,-0.1799581;0.06957817;-0.7320673,-0.2578441;0.07810426;-0.759391,0.07399571;-0.009813488;-0.2043098,0.1438387;-0.02145606;-0.2471104,-0.00521706;0;-0.5061425,0.02381868,1.608232,0.07022410000000007,-0.0067704,1.637332,0.03021000000000007,0.05318801,1.639456,0.03090270000000006,-0.04983795,1.611596,-0.0608671999999999,0.10005812,1.616905,-0.05913539999999995,-0.14748944,1.424031,-0.1259982999999999,0.21162576,1.420806,-0.12347949999999996,-0.23367754000000002,1.114709,-0.020408699999999946,0.30740596,1.139789,0.029588300000000067,-0.09320057000000001,1.101266,0.18503530000000007,0.13069496,1.145755,0.20525810000000005,-0.08432683,0.882176,-0.0019382999999999484,0.08432674,0.8621952,0.0019383000000000594,-0.19655744,0.4416057,0.07692350000000003,0.11551766,0.4616006,0.22880350000000005,-0.20683064,0.2431973,-0.25650949999999995,0.07708137,0.08690345,0.13513520000000007,-0.21411024,0.0419333,-0.2114971,0.12325946,-0.02423829,0.32117530000000005,0.014442199,0.9889418,-0.02654269999999992,0.024777,1.087765,-0.059980900000000004,0.03146094,1.200614,-0.09038499999999994,0.03239905,1.324649,-0.0991344999999999,-0.008186079999999998,1.167644,0.29631160000000006,-0.08440967,1.16652,0.2771386,-0.08993822,1.091381,0.2861294000000001,0.05454851,1.220666,0.31753700000000007,0.12798856,1.22133,0.28951820000000006,0.13964326,1.148293,0.306462,-0.17474104000000001,0.06957817,-0.22592479999999993,-0.25262704,0.07810426,-0.2532485,0.07921277,-0.009813488,0.30183270000000006,0.14905576,-0.02145606,0.25903210000000004
14,0.01386856;1.613702;-0.4697449,-0.01707271;1.642848;-0.5094533,0.04287074;1.645405;-0.5089553,-0.06027382;1.617416;-0.6005527,0.08958486;1.623806;-0.5993076,-0.1584176;1.428482;-0.6596834,0.2004977;1.431786;-0.6722223,-0.2377557;1.117249;-0.5548822,0.3103446;1.151573;-0.5274628,-0.09009439;1.097371;-0.3550755,0.1403329;1.148167;-0.345236,-0.08661524;0.8873141;-0.5464252,0.08208162;0.8675016;-0.5490925,-0.1843948;0.4378405;-0.5099612,0.1166468;0.475847;-0.3075795,-0.1988364;0.2285118;-0.8364912,0.08324384;0.09075654;-0.3427734,-0.165043;0.03620464;-0.7954103,0.1214174;-0.02611578;-0.1604936,0.01110401;0.9946269;-0.5727796,0.0198615;1.094006;-0.604999,0.02446603;1.207288;-0.6341531,0.02358787;1.331405;-0.641653,5.55123E-05;1.162522;-0.247167,-0.07705861;1.160986;-0.2623314,-0.0814233;1.085641;-0.2544991,0.06714945;1.219644;-0.2288237,0.1394254;1.222245;-0.2596189,0.1531344;1.149181;-0.2444201,-0.1323019;0.07060349;-0.8117527,-0.2106821;0.06208593;-0.837627,0.07836121;-0.008494079;-0.1794135,0.1467933;-0.02506787;-0.2228629,-0.002266765;0;-0.5477589,0.016135325,1.613702,0.07801400000000003,-0.014805945000000001,1.642848,0.03830560000000005,0.045137504999999994,1.645405,0.03880360000000005,-0.058007055,1.617416,-0.0527938,0.091851625,1.623806,-0.0515487,-0.156150835,1.428482,-0.11192449999999998,0.202764465,1.431786,-0.1244634,-0.23548893499999998,1.117249,-0.0071232999999999436,0.31261136500000003,1.151573,0.02029610000000004,-0.08782762499999999,1.097371,0.19268340000000006,0.14259966500000001,1.148167,0.20252290000000006,-0.08434847499999999,0.8873141,0.0013336999999999932,0.084348385,0.8675016,-0.0013335999999999348,-0.182128035,0.4378405,0.037797700000000045,0.118913565,0.475847,0.24017940000000004,-0.196569635,0.2285118,-0.28873229999999994,0.085510605,0.09075654,0.20498550000000004,-0.162776235,0.03620464,-0.24765139999999997,0.123684165,-0.02611578,0.38726530000000003,0.013370775,0.9946269,-0.025020700000000007,0.022128265,1.094006,-0.057240099999999905,0.026732795,1.207288,-0.08639419999999998,0.025854635,1.331405,-0.09389409999999998,0.0023222773,1.162522,0.3005919,-0.074791845,1.160986,0.28542750000000006,-0.079156535,1.085641,0.29325980000000007,0.069416215,1.219644,0.3189352000000001,0.141692165,1.222245,0.28814000000000006,0.155401165,1.149181,0.3033388,-0.130035135,0.07060349,-0.26399379999999995,-0.208415335,0.06208593,-0.28986809999999996,0.080627975,-0.008494079,0.36834540000000005,0.149060065,-0.02506787,0.3248960000000001
15,0.005915262;1.618612;-0.4960966,-0.02520658;1.647876;-0.5355765,0.03472189;1.650763;-0.5350852,-0.06830771;1.622873;-0.626842,0.08151358;1.63009;-0.6256138,-0.1669913;1.432974;-0.6803073,0.1911831;1.441789;-0.7071512,-0.2392436;1.119306;-0.5779727,0.3129185;1.163018;-0.569584,-0.08640365;1.093693;-0.382766,0.1484536;1.151878;-0.3826363,-0.08493614;0.8907057;-0.5805259,0.08358683;0.8724338;-0.5916808,-0.1745374;0.4382303;-0.5680883,0.1264842;0.4835201;-0.347094,-0.194797;0.2095783;-0.8810688,0.1025866;0.09651047;-0.3297288,-0.1507772;0.03324246;-0.8289942,0.1222839;-0.03328687;-0.1508358,0.01063002;0.9995285;-0.6085322,0.01698955;1.099739;-0.638671,0.01897578;1.213605;-0.6657728,0.01631545;1.337797;-0.6713776,0.007380937;1.157566;-0.2772169,-0.07025883;1.155577;-0.2893423,-0.07363064;1.080052;-0.2828702,0.07748634;1.220095;-0.2629422,0.148815;1.2244;-0.2956932,0.1640793;1.151307;-0.2822159,-0.1198901;0.06738651;-0.8490565,-0.1964525;0.04964477;-0.8756821,0.08295738;-0.007322073;-0.1682019,0.1472772;-0.0331769;-0.2133681,-0.0006746158;0;-0.5861034,0.0065898778,1.618612,0.09000680000000005,-0.0245319642,1.647876,0.05052690000000004,0.0353965058,1.650763,0.051018200000000014,-0.0676330942,1.622873,-0.04073859999999996,0.0821881958,1.63009,-0.039510399999999946,-0.1663166842,1.432974,-0.0942038999999999,0.1918577158,1.441789,-0.12104779999999993,-0.2385689842,1.119306,0.008130700000000046,0.3135931158,1.163018,0.016519400000000073,-0.0857290342,1.093693,0.20333740000000006,0.1491282158,1.151878,0.20346710000000007,-0.0842615242,0.8907057,0.005577500000000013,0.0842614458,0.8724338,-0.005577399999999955,-0.1738627842,0.4382303,0.01801510000000006,0.1271588158,0.4835201,0.23900940000000004,-0.1941223842,0.2095783,-0.29496539999999993,0.1032612158,0.09651047,0.25637460000000006,-0.1501025842,0.03324246,-0.24289079999999996,0.1229585158,-0.03328687,0.4352676000000001,0.0113046358,0.9995285,-0.022428799999999915,0.0176641658,1.099739,-0.05256759999999994,0.0196503958,1.213605,-0.0796694,0.0169900658,1.337797,-0.08527419999999997,0.008055552799999999,1.157566,0.30888650000000006,-0.0695842142,1.155577,0.29676110000000006,-0.0729560242,1.080052,0.30323320000000004,0.0781609558,1.220095,0.32316120000000004,0.1494896158,1.2244,0.29041020000000006,0.1647539158,1.151307,0.30388750000000003,-0.1192154842,0.06738651,-0.26295309999999994,-0.1957778842,0.04964477,-0.28957869999999997,0.0836319958,-0.007322073,0.41790150000000004,0.1479518158,-0.0331769,0.37273530000000005
16,-0.004949704;1.619824;-0.5197122,-0.03634962;1.649323;-0.5587951,0.02356952;1.652426;-0.5585371,-0.07975616;1.624973;-0.6500925,0.07004172;1.632731;-0.6494474,-0.1788981;1.433994;-0.6984911,0.1776469;1.450839;-0.7394699,-0.2433562;1.117583;-0.5996912,0.3112073;1.173631;-0.6094468,-0.0851318;1.088688;-0.4092916,0.151959;1.156123;-0.4185131,-0.0836036;0.8896142;-0.6154543,0.08450457;0.8750001;-0.6350596,-0.1703173;0.436791;-0.5967702,0.1417592;0.4857038;-0.3940473,-0.1925167;0.2016242;-0.904752,0.1253194;0.1022264;-0.3363938,-0.1551239;0.0356611;-0.8426895,0.1174648;-0.02988136;-0.1526661,0.008533888;1.001093;-0.6444864,0.01161921;1.102213;-0.6719841,0.01023886;1.216698;-0.6963794,0.005398087;1.340914;-0.6994049,0.011221;1.15173;-0.3055719,-0.06674268;1.1489;-0.315192,-0.06889333;1.073221;-0.3101684,0.08309649;1.221226;-0.2958915,0.1536364;1.226849;-0.3301179,0.1698271;1.153637;-0.3184965,-0.1233657;0.06599206;-0.8670573,-0.2007039;0.04755563;-0.8908145,0.08604204;0.005668342;-0.1691324,0.14208;-0.03411263;-0.2152054,0.0004505172;0;-0.625257,-0.0054002212,1.619824,0.1055448,-0.0368001372,1.649323,0.06646189999999996,0.0231190028,1.652426,0.06671989999999994,-0.0802066772,1.624973,-0.02483550000000001,0.0695912028,1.632731,-0.024190400000000056,-0.1793486172,1.433994,-0.07323410000000008,0.1771963828,1.450839,-0.11421290000000006,-0.2438067172,1.117583,0.025565799999999972,0.3107567828,1.173631,0.015810199999999996,-0.0855823172,1.088688,0.21596539999999997,0.1515084828,1.156123,0.20674389999999992,-0.0840541172,0.8896142,0.009802699999999942,0.0840540528,0.8750001,-0.009802599999999995,-0.1707678172,0.436791,0.028486799999999923,0.1413086828,0.4857038,0.23120969999999996,-0.1929672172,0.2016242,-0.27949500000000005,0.1248688828,0.1022264,0.28886319999999993,-0.1555744172,0.0356611,-0.21743250000000003,0.1170142828,-0.02988136,0.4725908999999999,0.0080833708,1.001093,-0.019229400000000063,0.0111686928,1.102213,-0.04672710000000002,0.0097883428,1.216698,-0.07112240000000003,0.0049475698,1.340914,-0.07414790000000004,0.0107704828,1.15173,0.31968509999999994,-0.0671931972,1.1489,0.3100649999999999,-0.0693438472,1.073221,0.31508859999999994,0.0826459728,1.221226,0.3293655,0.1531858828,1.226849,0.29513909999999993,0.1693765828,1.153637,0.30676049999999994,-0.1238162172,0.06599206,-0.24180030000000008,-0.2011544172,0.04755563,-0.2655575,0.0855915228,0.005668342,0.4561246,0.1416294828,-0.03411263,0.41005159999999996
17,-0.02122346;1.615493;-0.5567074,-0.05291506;1.645153;-0.5954317,0.006994191;1.648452;-0.5954511,-0.09669802;1.62128;-0.6866752,0.05307493;1.629529;-0.6867239,-0.1947061;1.4288;-0.732138,0.1598918;1.456745;-0.7821462,-0.252702;1.11067;-0.6354429,0.3052648;1.180925;-0.661272,-0.08852161;1.085062;-0.4496721,0.1530606;1.159732;-0.46504,-0.08338555;0.8824527;-0.6672727,0.08444428;0.8735723;-0.6920229,-0.1650516;0.4297737;-0.6308128,0.1546328;0.486917;-0.4501802,-0.1850802;0.1954055;-0.9395511,0.1414122;0.1042861;-0.386401,-0.1619403;0.03356349;-0.8522586,0.1427675;-0.009391904;-0.1914331,0.004526423;0.9975132;-0.6954186,0.003988077;1.099425;-0.7200102,-0.0009065014;1.214425;-0.7413359,-0.008491876;1.33854;-0.7413331,0.008519588;1.149448;-0.3474306,-0.06954291;1.145008;-0.3555202,-0.06997505;1.069267;-0.3510065,0.08807406;1.222626;-0.3391924,0.1575007;1.228903;-0.3755169,0.1740674;1.155511;-0.3656939,-0.1287404;0.05637479;-0.8822542,-0.2092737;0.04507971;-0.8987554,0.1115061;0.0258646;-0.2088119,0.161686;-0.02095711;-0.2550201,0.0005293945;0;-0.6796478,-0.0217528545,1.615493,0.12294040000000006,-0.0534444545,1.645153,0.08421610000000002,0.0064647965,1.648452,0.08419670000000001,-0.0972274145,1.62128,-0.007027400000000017,0.0525455355,1.629529,-0.00707610000000003,-0.1952354945,1.4288,-0.05249019999999993,0.1593624055,1.456745,-0.10249839999999999,-0.2532313945,1.11067,0.04420489999999999,0.3047354055,1.180925,0.018375800000000053,-0.0890510045,1.085062,0.2299757,0.1525312055,1.159732,0.21460780000000002,-0.0839149445,0.8824527,0.012375099999999972,0.0839148855,0.8735723,-0.012375099999999972,-0.1655809945,0.4297737,0.04883500000000007,0.15410340549999998,0.486917,0.22946760000000005,-0.1856095945,0.1954055,-0.25990329999999995,0.14088280549999999,0.1042861,0.29324680000000003,-0.1624696945,0.03356349,-0.17261079999999995,0.1422381055,-0.009391904,0.4882147,0.003997028499999999,0.9975132,-0.015770799999999974,0.0034586824999999996,1.099425,-0.04036240000000002,-0.0014358959,1.214425,-0.061688100000000023,-0.009021270500000001,1.33854,-0.06168529999999994,0.0079901935,1.149448,0.33221720000000005,-0.0700723045,1.145008,0.3241276,-0.0705044445,1.069267,0.3286413,0.0875446655,1.222626,0.3404554,0.1569713055,1.228903,0.30413090000000004,0.1735380055,1.155511,0.3139539,-0.1292697945,0.05637479,-0.20260639999999996,-0.2098030945,0.04507971,-0.21910759999999996,0.1109767055,0.0258646,0.47083590000000003,0.1611566055,-0.02095711,0.4246277
18,-0.04529701;1.606458;-0.6086986,-0.07707818;1.636252;-0.6472455,-0.01717119;1.63959;-0.6473619,-0.1210142;1.612718;-0.7385033,0.02875325;1.621061;-0.7387942,-0.2160779;1.417354;-0.7832482,0.1378786;1.453337;-0.8363535,-0.2661951;1.09924;-0.6826823,0.2916809;1.180533;-0.7203432,-0.09560731;1.085518;-0.5014828,0.1468349;1.158554;-0.5187029,-0.08318564;0.8707391;-0.7297657,0.08491692;0.8702593;-0.7542521,-0.1541761;0.4167461;-0.6877199,0.1508885;0.4736208;-0.5278845,-0.170753;0.1768601;-0.9923981,0.1521873;0.09028167;-0.4670703,-0.1677614;0.02468795;-0.8634365,0.1913454;-0.007327616;-0.2683045,-0.0008677874;0.9902456;-0.7562531,-0.00585792;1.092362;-0.7794566,-0.0148941;1.207422;-0.7990394,-0.02636606;1.33122;-0.7969478,-0.0001631305;1.154451;-0.4007128,-0.07808511;1.147478;-0.4083579,-0.07615426;1.071839;-0.4026758,0.0860709;1.221803;-0.3909383,0.1540499;1.228362;-0.4298582,0.1715471;1.155168;-0.4201808,-0.1319111;0.03862649;-0.8957289,-0.2134153;0.03747761;-0.911261,0.1528369;0.02074909;-0.2841513,0.2055645;-0.02045822;-0.3328055,0.0008656507;0;-0.7420089,-0.0461626607,1.606458,0.1333103,-0.0779438307,1.636252,0.09476339999999994,-0.0180368407,1.63959,0.09464699999999993,-0.1218798507,1.612718,0.0035055999999999976,0.0278875993,1.621061,0.0032147000000000148,-0.2169435507,1.417354,-0.04123929999999998,0.1370129493,1.453337,-0.0943446,-0.2670607507,1.09924,0.05932660000000001,0.2908152493,1.180533,0.02166570000000001,-0.0964729607,1.085518,0.24052609999999996,0.1459692493,1.158554,0.223306,-0.0840512907,0.8707391,0.01224320000000001,0.08405126930000001,0.8702593,-0.01224320000000001,-0.1550417507,0.4167461,0.05428899999999992,0.1500228493,0.4736208,0.2141244,-0.17161865069999999,0.1768601,-0.2503892,0.1513216493,0.09028167,0.2749386,-0.1686270507,0.02468795,-0.12142760000000008,0.1904797493,-0.007327616,0.47370439999999997,-0.0017334381,0.9902456,-0.01424420000000004,-0.0067235707,1.092362,-0.037447700000000084,-0.015759750700000002,1.207422,-0.057030499999999984,-0.0272317107,1.33122,-0.05493890000000001,-0.0010287812,1.154451,0.3412961,-0.0789507607,1.147478,0.333651,-0.0770199107,1.071839,0.3393331,0.08520524930000001,1.221803,0.35107059999999995,0.1531842493,1.228362,0.31215069999999995,0.1706814493,1.155168,0.32182809999999995,-0.1327767507,0.03862649,-0.15372000000000008,-0.2142809507,0.03747761,-0.16925210000000002,0.1519712493,0.02074909,0.4578576,0.2046988493,-0.02045822,0.4092034
19,-0.06616872;1.595894;-0.6653932,-0.09798447;1.62568;-0.7039183,-0.03808456;1.629144;-0.7039855,-0.1418038;1.602191;-0.795244,0.007945875;1.610851;-0.795412,-0.233675;1.403094;-0.8404217,0.1220401;1.435055;-0.8919658,-0.2753754;1.086944;-0.7300033,0.2713552;1.165378;-0.7669159,-0.1020523;1.086544;-0.5508923,0.1250887;1.146048;-0.5660312,-0.08425471;0.8599107;-0.7756239,0.0843951;0.8655981;-0.7951986,-0.1467725;0.4050564;-0.7296232,0.1595906;0.4695265;-0.5707227,-0.1633814;0.1538913;-1.025071,0.1627517;0.08221018;-0.5457203,-0.1722841;0.0123511;-0.8731457,0.2276411;-0.01998436;-0.3584178,-0.006019214;0.9818734;-0.8032632,-0.01412027;1.083104;-0.829299,-0.02626375;1.197416;-0.8514122,-0.04110197;1.320874;-0.851274,-0.00882729;1.160406;-0.4515476,-0.0865299;1.151639;-0.4595687,-0.08314312;1.076261;-0.4515694,0.06415676;1.211296;-0.4393567,0.132004;1.217587;-0.4785498,0.1500361;1.144714;-0.4675193,-0.1343036;0.02301425;-0.9042279,-0.2149045;0.02423549;-0.9239126,0.1846516;0.003353357;-0.3698008,0.2379967;-0.02855635;-0.4244046,7.019914E-05;0;-0.7854112,-0.06623891914,1.595894,0.12001799999999996,-0.09805466914000001,1.62568,0.08149289999999998,-0.03815475914,1.629144,0.08142569999999993,-0.14187399914,1.602191,-0.009832799999999975,0.00787567586,1.610851,-0.010000800000000032,-0.23374519914,1.403094,-0.05501050000000007,0.12196990086,1.435055,-0.10655460000000005,-0.27544559914,1.086944,0.055407899999999954,0.27128500086,1.165378,0.018495299999999992,-0.10212249914,1.086544,0.23451889999999997,0.12501850086,1.146048,0.21938000000000002,-0.08432490914,0.8599107,0.009787299999999943,0.08432490086,0.8655981,-0.009787400000000002,-0.14684269914,0.4050564,0.05578799999999995,0.15952040086,0.4695265,0.21468849999999995,-0.16345159914000001,0.1538913,-0.2396598000000001,0.16268150086,0.08221018,0.23969089999999993,-0.17235429914,0.0123511,-0.08773450000000005,0.22757090086,-0.01998436,0.42699339999999997,-0.00608941314,0.9818734,-0.01785199999999998,-0.01419046914,1.083104,-0.04388780000000003,-0.02633394914,1.197416,-0.06600099999999998,-0.04117216914,1.320874,-0.0658628,-0.00889748914,1.160406,0.3338636,-0.08660009914000001,1.151639,0.3258425,-0.08321331914,1.076261,0.33384179999999997,0.06408656085999999,1.211296,0.3460545,0.13193380086,1.217587,0.30686139999999995,0.14996590086,1.144714,0.31789189999999995,-0.13437379914,0.02301425,-0.1188167,-0.21497469914,0.02423549,-0.1385014,0.18458140086,0.003353357,0.4156104,0.23792650086,-0.02855635,0.36100659999999996
20,-0.08197951;1.581384;-0.7336751,-0.1143318;1.610806;-0.7720324,-0.05447292;1.614899;-0.772454,-0.1584375;1.586793;-0.8630833,-0.008790458;1.597023;-0.8641372,-0.2459445;1.385942;-0.9154238,0.1113788;1.418185;-0.9558115,-0.2850863;1.074371;-0.7930244,0.2520845;1.153134;-0.8140743,-0.1167726;1.081315;-0.6093289,0.1016071;1.140659;-0.6157736,-0.08883721;0.8489423;-0.8303646,0.08027585;0.8570791;-0.8442518,-0.1439459;0.3959474;-0.7619848,0.1866376;0.4955102;-0.5780341,-0.1647567;0.1299351;-1.043859,0.1731983;0.1164373;-0.6603271,-0.1745736;-0.002800584;-0.8752344,0.258678;0.005128741;-0.4975509,-0.01199159;0.9707625;-0.8622112,-0.02097574;1.070503;-0.8932295,-0.03421948;1.184009;-0.9186246,-0.05124718;1.307181;-0.9194311,-0.02682278;1.157065;-0.5083988,-0.1042207;1.147932;-0.5186484,-0.1008885;1.072705;-0.5093193,0.03972146;1.207854;-0.4905877,0.1074727;1.214247;-0.5299301,0.1265642;1.141912;-0.5172629,-0.1361547;0.007378578;-0.9059377,-0.2164181;0.007457137;-0.9269919,0.2120785;0.02293599;-0.5033568,0.2631755;0.0009803176;-0.5646145,-0.004280676;0;-0.8373082,-0.07769883400000001,1.581384,0.10363309999999992,-0.110051124,1.610806,0.0652758,-0.050192244000000004,1.614899,0.06485419999999997,-0.154156824,1.586793,-0.02577510000000005,-0.0045097819999999995,1.597023,-0.026829000000000103,-0.241663824,1.385942,-0.07811560000000006,0.115659476,1.418185,-0.11850330000000009,-0.28080562400000003,1.074371,0.044283799999999984,0.256365176,1.153134,0.02323389999999992,-0.11249192400000001,1.081315,0.2279793,0.105887776,1.140659,0.22153459999999991,-0.084556534,0.8489423,0.006943599999999939,0.08455652599999999,0.8570791,-0.00694360000000005,-0.13966522399999998,0.3959474,0.07532339999999993,0.190918276,0.4955102,0.25927409999999995,-0.160476024,0.1299351,-0.20655080000000015,0.177478976,0.1164373,0.1769811,-0.17029292399999998,-0.002800584,-0.03792620000000002,0.262958676,0.005128741,0.33975729999999993,-0.007710914,0.9707625,-0.02490300000000001,-0.016695064,1.070503,-0.05592130000000006,-0.029938803999999996,1.184009,-0.08131640000000007,-0.046966504000000006,1.307181,-0.0821229,-0.022542104,1.157065,0.3289093999999999,-0.099940024,1.147932,0.31865979999999994,-0.09660782400000001,1.072705,0.3279888999999999,0.044002136,1.207854,0.34672049999999993,0.111753376,1.214247,0.3073781,0.130844876,1.141912,0.3200453,-0.13187402399999998,0.007378578,-0.06862950000000001,-0.212137424,0.007457137,-0.08968370000000003,0.21635917600000001,0.02293599,0.3339513999999999,0.267456176,0.0009803176,0.27269369999999993
21,-0.08851513;1.574638;-0.781698,-0.1206978;1.603872;-0.8203409,-0.06082929;1.607832;-0.8206242,-0.1646048;1.579344;-0.9113505,-0.01493358;1.589244;-0.9120589,-0.2492915;1.378598;-0.9728296,0.1087787;1.411054;-0.9969471,-0.2931367;1.068364;-0.8491031,0.2462245;1.147521;-0.850899,-0.1335651;1.078213;-0.657892,0.09286976;1.137541;-0.6546723,-0.09349458;0.8417358;-0.8809217,0.07589628;0.8505395;-0.8902764,-0.1578849;0.3949426;-0.7852824,0.1964745;0.5034068;-0.611213,-0.1684541;0.119445;-1.058482,0.1764571;0.1412198;-0.7493035,-0.1791261;-0.01046634;-0.8849783,0.2659405;0.0131914;-0.6034485,-0.01632409;0.9637613;-0.9111561,-0.02460478;1.063454;-0.9425236,-0.03684799;1.177092;-0.9678262,-0.05395533;1.300256;-0.9680412,-0.0476179;1.154122;-0.5536482,-0.1245585;1.144498;-0.5665493,-0.1210082;1.069254;-0.5574411,0.03027678;1.204606;-0.5297684,0.09786436;1.211705;-0.5692708,0.1179785;1.139717;-0.5562163,-0.1405243;-0.0004172921;-0.9154948,-0.2206592;-0.0004494786;-0.9370331,0.2188904;0.03051752;-0.60635,0.2691139;0.01667112;-0.6706257,-0.008799146;0;-0.8855991,-0.07971598399999999,1.574638,0.10390109999999997,-0.11189865399999999,1.603872,0.06525819999999993,-0.052030144,1.607832,0.06497489999999995,-0.155805654,1.579344,-0.02575139999999998,-0.006134433999999999,1.589244,-0.026459800000000033,-0.240492354,1.378598,-0.08723049999999999,0.11757784600000001,1.411054,-0.111348,-0.284337554,1.068364,0.03649599999999997,0.255023646,1.147521,0.03470010000000001,-0.12476595399999998,1.078213,0.22770709999999994,0.101668906,1.137541,0.2309268,-0.08469543399999999,0.8417358,0.004677399999999943,0.08469542599999999,0.8505395,-0.004677299999999995,-0.149085754,0.3949426,0.10031669999999993,0.205273646,0.5034068,0.27438609999999997,-0.159654954,0.119445,-0.17288289999999995,0.185256246,0.1412198,0.13629559999999996,-0.170326954,-0.01046634,0.0006207999999999769,0.274739646,0.0131914,0.2821505999999999,-0.007524943999999999,0.9637613,-0.025557000000000052,-0.015805634,1.063454,-0.056924500000000045,-0.028048843999999996,1.177092,-0.0822271,-0.045156184,1.300256,-0.08244210000000007,-0.038818754,1.154122,0.33195089999999994,-0.11575935400000001,1.144498,0.31904979999999994,-0.112209054,1.069254,0.32815799999999995,0.039075926,1.204606,0.35583069999999994,0.10666350599999999,1.211705,0.3163283,0.126777646,1.139717,0.3293828,-0.13172515399999998,-0.0004172921,-0.02989570000000008,-0.211860054,-0.0004494786,-0.05143399999999998,0.22768954600000002,0.03051752,0.27924910000000003,0.277913046,0.01667112,0.21497339999999998
22,-0.09041242;1.574605;-0.8204405,-0.1220466;1.60372;-0.8596224,-0.06216867;1.607522;-0.8592011,-0.1649147;1.578829;-0.951028,-0.01521986;1.588334;-0.9499748,-0.2504025;1.378587;-1.016105,0.1089826;1.408646;-1.028177,-0.2982922;1.067568;-0.8955867,0.2433529;1.143318;-0.882467,-0.1469739;1.077326;-0.6977753,0.08265825;1.132461;-0.6922525,-0.09776489;0.839456;-0.9179636,0.07159227;0.8497126;-0.9264042,-0.1668482;0.3997903;-0.7961497,0.2004027;0.5048892;-0.648157,-0.1724613;0.114888;-1.05968,0.1719545;0.164359;-0.832219,-0.1840493;-0.01426971;-0.8853455,0.2615149;0.009776771;-0.7064561,-0.02147621;0.9621736;-0.9476292,-0.02995843;1.061844;-0.979014,-0.04144411;1.175503;-1.004575,-0.05687085;1.298887;-1.005306,-0.06541224;1.15469;-0.5911059,-0.1417562;1.144733;-0.6069602,-0.138437;1.069613;-0.5968003,0.01458627;1.200284;-0.5706678,0.08374111;1.207367;-0.6073605,0.1036018;1.135587;-0.5928526,-0.145343;-0.004475236;-0.9158121,-0.2254356;-0.004192412;-0.9375054,0.2150424;0.02881879;-0.7062817,0.2659038;0.02664506;-0.7715035,-0.01308631;0;-0.9221839,-0.07732610999999999,1.574605,0.10174339999999993,-0.10896029,1.60372,0.06256149999999994,-0.049082360000000005,1.607522,0.0629827999999999,-0.15182839,1.578829,-0.02884410000000004,-0.0021335499999999997,1.588334,-0.027790900000000063,-0.23731618999999998,1.378587,-0.09392110000000009,0.12206891,1.408646,-0.10599309999999995,-0.28520589,1.067568,0.026597199999999988,0.25643921000000003,1.143318,0.039716899999999944,-0.13388759,1.077326,0.22440859999999996,0.09574456,1.132461,0.2299313999999999,-0.08467857999999999,0.839456,0.004220299999999955,0.08467858,0.8497126,-0.004220300000000066,-0.15376189,0.3997903,0.12603419999999999,0.21348900999999998,0.5048892,0.27402689999999996,-0.15937499000000002,0.114888,-0.1374961,0.18504081,0.164359,0.0899648999999999,-0.17096299,-0.01426971,0.03683839999999994,0.27460121,0.009776771,0.21572779999999991,-0.008389899999999999,0.9621736,-0.025445300000000004,-0.01687212,1.061844,-0.056830100000000106,-0.0283578,1.175503,-0.08239110000000005,-0.04378454,1.298887,-0.08312210000000009,-0.05232592999999999,1.15469,0.331078,-0.12866989,1.144733,0.3152237,-0.12535069000000001,1.069613,0.3253836,0.027672580000000002,1.200284,0.3515161,0.09682742,1.207367,0.3148234,0.11668811,1.135587,0.3293313,-0.13225669,-0.004475236,0.0063717999999999275,-0.21234929000000002,-0.004192412,-0.015321500000000099,0.22812870999999998,0.02881879,0.21590219999999993,0.27899011,0.02664506,0.15068039999999994
23,-0.08517447;1.58166;-0.8607076,-0.1163554;1.610676;-0.9003238,-0.05648148;1.61442;-0.899271,-0.1582637;1.585524;-0.9921024,-0.008579131;1.594884;-0.9894705,-0.2458255;1.387782;-1.05948,0.1146635;1.410752;-1.061549,-0.2990513;1.075275;-0.9439276,0.2388385;1.144498;-0.9082614,-0.1548571;1.079581;-0.7406759,0.06740594;1.132532;-0.7277346,-0.1037258;0.8453572;-0.9522784,0.06567836;0.8541261;-0.9614227,-0.169872;0.4118398;-0.8087357,0.1956577;0.5002618;-0.6953361,-0.1796343;0.1132223;-1.056488,0.1618963;0.1797513;-0.9116281,-0.1893278;-0.01730794;-0.8829971,0.2506599;0.0007183552;-0.8110749,-0.02650069;0.9673257;-0.9826031,-0.03389177;1.066944;-1.014425,-0.04330783;1.180591;-1.040873,-0.05553248;1.304317;-1.04296,-0.07703264;1.156117;-0.6306688,-0.1527478;1.146912;-0.6496785,-0.1505864;1.07176;-0.6394389,-0.009688225;1.201179;-0.6121465,0.06205161;1.208035;-0.6435363,0.08074862;1.136368;-0.6270568,-0.1508499;-0.006964505;-0.9135714,-0.231046;-0.007168293;-0.9348797,0.2049164;0.02111828;-0.8073734,0.2570225;0.03102726;-0.8708735,-0.01902374;0;-0.9568506,-0.06615073,1.58166,0.09614299999999998,-0.09733166,1.610676,0.05652679999999999,-0.03745774,1.61442,0.05757959999999995,-0.13923996,1.585524,-0.035251800000000055,0.010444609,1.594884,-0.032619900000000035,-0.22680176,1.387782,-0.10262939999999998,0.13368724,1.410752,-0.10469840000000008,-0.28002756,1.075275,0.012923000000000018,0.25786224,1.144498,0.0485892,-0.13583336,1.079581,0.21617469999999994,0.08642968,1.132532,0.229116,-0.08470206000000001,0.8453572,0.004572200000000026,0.0847021,0.8541261,-0.004572099999999968,-0.15084825999999998,0.4118398,0.14811490000000005,0.21468144,0.5002618,0.2615145,-0.16061055999999999,0.1132223,-0.0996374000000001,0.18092004,0.1797513,0.04522249999999994,-0.17030405999999998,-0.01730794,0.07385350000000002,0.26968364,0.0007183552,0.14577569999999995,-0.00747695,0.9673257,-0.025752499999999956,-0.01486803,1.066944,-0.057574399999999915,-0.024284089999999998,1.180591,-0.08402239999999994,-0.03650874,1.304317,-0.08610940000000011,-0.0580089,1.156117,0.32618179999999997,-0.13372405999999998,1.146912,0.30717209999999995,-0.13156266,1.07176,0.31741169999999996,0.009335515,1.201179,0.34470409999999996,0.08107535,1.208035,0.31331430000000005,0.09977235999999999,1.136368,0.3297938,-0.13182616,-0.006964505,0.04327919999999996,-0.21202226,-0.007168293,0.021970900000000015,0.22394014,0.02111828,0.14947719999999998,0.27604624,0.03102726,0.08597710000000003
24,-0.07595918;1.592885;-0.9077353,-0.1066025;1.621839;-0.9478133,-0.04673499;1.625429;-0.9460816,-0.1475147;1.596466;-1.03998,0.002154017;1.60544;-1.03565,-0.2363254;1.40272;-1.110727,0.1242014;1.416843;-1.099676,-0.2989695;1.088068;-1.003896,0.238272;1.151282;-0.9375466,-0.1604423;1.085071;-0.7967176,0.0584899;1.133189;-0.7658687,-0.1085962;0.855256;-0.9928632,0.06091244;0.8616032;-1.002074,-0.1673945;0.4297128;-0.8244211,0.1807844;0.4859624;-0.7624048,-0.1899923;0.1117572;-1.045877,0.1503079;0.1779864;-0.9966503,-0.1946002;-0.02315688;-0.8765936,0.2424068;0.001473486;-0.9132733,-0.02961653;0.9762565;-1.02254,-0.03512692;1.076033;-1.054248,-0.04146637;1.189678;-1.081603,-0.04980955;1.313674;-1.085799,-0.0870677;1.156582;-0.6804496,-0.161906;1.148943;-0.7032478,-0.1609372;1.073443;-0.6957578,-0.02826234;1.197632;-0.6547936,0.04554138;1.206323;-0.6804142,0.06406514;1.134506;-0.6643999,-0.1567501;-0.0113185;-0.9074085,-0.2371774;-0.01295727;-0.9277618,0.1950587;0.01784366;-0.9097372,0.2467623;0.03332281;-0.9724478,-0.02384186;0;-0.9974687,-0.05211732,1.592885,0.08973339999999996,-0.08276064,1.621839,0.049655400000000016,-0.022893129999999998,1.625429,0.05138710000000002,-0.12367284,1.596466,-0.04251129999999992,0.025995877,1.60544,-0.038181299999999974,-0.21248354,1.40272,-0.11325830000000003,0.14804326,1.416843,-0.10220730000000011,-0.27512764,1.088068,-0.006427299999999914,0.26211386000000003,1.151282,0.05992209999999998,-0.13660044000000002,1.085071,0.20075109999999996,0.08233176,1.133189,0.23160000000000003,-0.08475434000000001,0.855256,0.00460550000000004,0.0847543,0.8616032,-0.004605299999999923,-0.14355264,0.4297128,0.17304759999999997,0.20462626,0.4859624,0.2350639,-0.16615044,0.1117572,-0.04840829999999996,0.17414976,0.1779864,0.0008183999999999969,-0.17075834,-0.02315688,0.12087510000000001,0.26624866,0.001473486,0.08419540000000003,-0.005774669999999999,0.9762565,-0.02507130000000002,-0.01128506,1.076033,-0.05677930000000009,-0.017624510000000003,1.189678,-0.0841343000000001,-0.02596769,1.313674,-0.08833029999999997,-0.06322584,1.156582,0.3170191,-0.13806414,1.148943,0.2942209,-0.13709534,1.073443,0.3017109,-0.004420480000000001,1.197632,0.3426751,0.06938324,1.206323,0.3170545,0.08790700000000001,1.134506,0.33306879999999994,-0.13290824,-0.0113185,0.09006020000000003,-0.21333554000000002,-0.01295727,0.06970690000000002,0.21890056,0.01784366,0.08773149999999996,0.27060416,0.03332281,0.025020900000000013
